0.000 3.882 6.251 9.154 12.444 15.925 17.989 20.939 23.558 22.943 23.862 27.489 29.216 29.771 33.372 34.489 33.106 34.182 36.242 34.216 35.112 35.428 35.054 37.828 37.345 38.057 35.427 32.756 33.974 33.827 30.323 29.098 31.156 29.543 26.000 26.852 27.840 25.137 21.817 21.677 24.990 26.186 28.254 31.634 30.788 29.569 32.760 34.918 33.477 33.927 37.590 38.282 37.055 38.710 35.365 33.851 31.036 29.069 29.719 28.548 25.384 24.595 25.610 23.290 20.328 21.262 21.978 18.523 17.067 19.635 18.966 15.183 16.267 19.051 17.169 14.607 17.796 19.221
3.882 0.000 3.866 5.866 9.337 12.830 14.505 17.317 20.040 19.750 20.620 24.305 25.800 26.451 30.132 31.214 29.759 31.027 33.028 31.006 32.144 32.533 32.466 35.378 35.062 36.055 33.380 30.653 32.193 32.290 28.676 27.553 29.998 28.542 24.917 26.071 27.455 24.749 21.149 21.082 24.323 25.766 27.515 31.006 30.095 28.431 31.537 33.849 32.182 32.288 36.044 36.800 35.254 36.726 33.266 31.775 29.246 26.940 27.397 26.606 23.505 22.224 23.328 21.462 18.212 18.715 19.871 16.761 14.667 17.281 17.306 13.591 14.088 17.327 16.188 13.431 16.340 18.450
6.251 3.866 0.000 3.834 6.328 9.980 12.411 15.181 17.943 17.106 17.723 21.300 23.081 23.621 27.177 28.431 27.271 28.531 30.846 29.155 30.372 31.165 31.167 34.295 34.367 35.214 32.253 29.850 31.679 31.483 27.742 27.136 29.633 27.820 24.388 26.061 27.217 24.165 20.534 19.826 22.687 23.759 25.110 28.754 28.226 26.405 29.250 31.857 30.451 30.271 33.960 35.071 33.610 34.771 31.201 29.366 26.774 24.354 25.221 24.663 21.297 20.139 21.796 20.059 16.581 17.555 19.236 16.229 14.266 17.465 17.832 14.453 15.323 18.817 17.998 15.755 18.786 20.990
9.154 5.866 3.834 0.000 3.845 6.998 8.860 11.905 14.433 13.899 14.926 18.645 20.349 21.351 24.958 26.430 25.386 27.093 29.428 27.876 29.535 30.495 30.966 34.254 34.539 35.730 32.756 30.322 32.488 32.578 28.785 28.283 31.125 29.515 26.070 27.937 29.433 26.463 22.700 22.072 24.755 25.939 26.898 30.607 30.118 27.899 30.545 33.327 31.764 31.177 34.901 36.127 34.345 35.230 31.542 29.671 27.454 24.621 25.348 25.344 22.082 20.351 22.187 21.083 17.374 17.769 19.982 17.518 14.897 17.912 19.033 15.862 15.913 19.646 19.508 16.999 19.482 22.226
12.444 9.337 6.328 3.845 0.000 3.835 6.581 9.188 11.892 10.905 11.421 15.054 16.898 17.781 21.306 22.900 22.107 23.875 26.460 25.249 27.060 28.412 29.063 32.538 33.224 34.373 31.192 29.071 31.558 31.495 27.651 27.636 30.587 28.797 25.590 27.913 29.333 26.201 22.469 21.419 23.636 24.599 25.043 28.812 28.607 26.115 28.427 31.459 30.040 29.066 32.703 34.230 32.411 32.934 29.164 27.037 24.967 21.920 22.902 23.311 19.973 18.150 20.477 19.777 15.956 16.522 19.281 17.237 14.686 17.959 19.529 16.875 17.043 20.851 21.140 19.098 21.519 24.359
15.925 12.830 9.980 6.998 3.835 0.000 3.866 6.633 8.591 7.139 8.182 11.866 14.023 15.498 18.851 20.917 20.603 22.836 25.628 24.859 27.099 28.821 29.897 33.526 34.562 35.871 32.612 30.691 33.483 33.483 29.652 29.931 33.041 31.268 28.224 30.780 32.267 29.122 25.428 24.207 26.064 26.849 26.809 30.583 30.637 27.893 29.830 33.075 31.742 30.343 33.862 35.650 33.690 33.804 29.973 27.652 25.919 22.590 23.700 24.685 21.439 19.366 22.020 21.880 18.063 18.408 21.577 20.019 17.328 20.442 22.460 20.097 19.927 23.753 24.426 22.369 24.478 27.545
17.989 14.505 12.411 8.860 6.581 3.866 0.000 3.834 5.573 5.867 7.465 11.168 12.591 14.627 18.073 20.076 19.592 22.244 24.739 23.900 26.499 28.120 29.609 33.219 34.261 35.956 32.874 30.799 33.734 34.142 30.383 30.519 33.879 32.480 29.379 31.861 33.733 30.841 27.084 26.254 28.164 29.294 29.196 32.878 32.690 29.708 31.623 34.785 33.142 31.563 35.111 36.754 34.453 34.495 30.684 28.626 27.338 23.798 24.425 25.751 22.868 20.261 22.643 23.010 19.252 18.833 22.113 21.037 17.896 20.495 22.981 20.814 19.935 23.711 24.882 22.661 24.212 27.595
20.939 17.317 15.181 11.905 9.188 6.633 3.834 0.000 3.871 5.512 5.488 8.786 9.304 11.292 14.821 16.610 16.028 18.882 21.284 20.605 23.447 25.237 27.046 30.703 32.007 33.853 30.792 28.888 32.066 32.600 28.943 29.328 32.832 31.578 28.690 31.375 33.393 30.636 26.974 26.182 27.769 29.013 28.578 32.116 31.889 28.638 30.296 33.462 31.706 29.801 33.252 34.935 32.420 32.201 28.428 26.463 25.627 21.918 22.305 24.091 21.552 18.615 21.014 21.994 18.432 17.638 21.180 20.763 17.625 19.939 22.864 21.281 20.215 23.834 25.505 23.664 24.922 28.384
23.558 20.040 17.943 14.433 11.892 8.591 5.573 3.871 0.000 3.856 5.527 8.011 8.796 11.871 14.805 17.198 17.277 20.555 23.029 22.801 25.942 27.946 30.043 33.718 35.202 37.149 34.099 32.318 35.600 36.173 32.560 33.045 36.577 35.327 32.503 35.223 37.235 34.450 30.806 29.908 31.375 32.438 31.794 35.335 35.317 32.022 33.453 36.730 35.093 32.990 36.312 38.159 35.615 35.132 31.384 29.297 28.649 24.879 25.405 27.457 24.962 22.056 24.570 25.713 22.192 21.400 24.980 24.632 21.478 23.698 26.674 25.038 23.828 27.433 29.133 27.106 28.218 31.775
22.943 19.750 17.106 13.899 10.905 7.139 5.867 5.512 3.856 0.000 3.855 6.614 9.038 11.888 14.559 17.423 18.043 21.084 24.022 24.097 27.032 29.310 31.137 34.902 36.519 38.123 34.849 33.301 36.552 36.726 33.033 33.765 37.109 35.479 32.757 35.633 37.286 34.234 30.657 29.315 30.599 31.234 30.442 34.069 34.423 31.275 32.558 36.016 34.750 32.655 35.888 38.009 35.772 35.182 31.384 28.918 27.952 24.284 25.387 27.328 24.497 22.038 24.961 25.792 22.201 22.074 25.697 25.010 22.197 24.893 27.568 25.772 25.106 28.826 30.152 28.207 29.780 33.146
23.862 20.620 17.723 14.926 11.421 8.182 7.465 5.488 5.527 3.855 0.000 3.783 6.126 8.301 11.196 13.875 14.492 17.384 20.470 20.723 23.593 26.078 27.894 31.697 33.531 35.022 31.674 30.379 33.747 33.799 30.176 31.215 34.535 32.850 30.373 33.461 35.047 32.019 28.589 27.116 28.058 28.664 27.589 31.102 31.504 28.222 29.284 32.767 31.540 29.251 32.382 34.597 32.354 31.584 27.811 25.294 24.511 20.798 21.943 24.114 21.435 18.973 22.050 23.168 19.776 19.725 23.482 23.153 20.610 23.304 26.094 24.746 24.286 27.879 29.389 27.896 29.508 32.766
27.489 24.305 21.300 18.645 15.054 11.866 11.168 8.786 8.011 6.614 3.783 0.000 3.853 6.275 8.173 11.442 12.944 15.998 19.257 20.188 23.210 26.077 28.122 31.929 34.133 35.582 32.203 31.292 34.829 34.792 31.320 32.726 36.014 34.294 32.132 35.414 36.915 33.915 30.676 29.021 29.523 29.915 28.385 31.716 32.372 28.981 29.570 33.132 32.092 29.451 32.291 34.745 32.507 31.295 27.637 24.987 24.605 20.905 22.191 24.793 22.389 20.026 23.240 24.749 21.661 21.642 25.471 25.523 23.213 25.778 28.691 27.685 27.270 30.733 32.418 31.156 32.685 35.924
29.216 25.800 23.081 20.349 16.898 14.023 12.591 9.304 8.796 9.038 6.126 3.853 0.000 3.862 6.045 8.767 9.957 13.424 16.325 17.315 20.621 23.467 25.871 29.612 31.916 33.626 30.426 29.533 33.194 33.453 30.147 31.559 34.985 33.591 31.534 34.799 36.564 33.835 30.663 29.321 29.752 30.480 28.897 32.029 32.399 28.810 29.329 32.718 31.384 28.567 31.358 33.634 31.093 29.777 26.227 23.929 24.083 20.302 21.017 23.950 22.051 19.297 22.184 24.218 21.395 20.814 24.642 25.249 22.852 24.953 28.170 27.577 26.832 30.078 32.170 31.093 32.249 35.560
29.771 26.451 23.621 21.351 17.781 15.498 14.627 11.292 11.871 11.888 8.301 6.275 3.862 0.000 3.854 5.590 6.687 9.814 13.022 14.259 17.356 20.445 22.724 26.472 28.982 30.488 27.214 26.634 30.344 30.419 27.236 28.964 32.276 30.816 29.061 32.478 34.112 31.447 28.510 27.064 27.129 27.817 25.998 28.931 29.325 25.672 25.951 29.305 28.030 25.056 27.710 30.061 27.560 26.078 22.579 20.248 20.624 16.894 17.622 20.758 19.122 16.500 19.446 21.718 19.272 18.844 22.621 23.550 21.585 23.626 26.784 26.624 26.175 29.202 31.341 30.720 31.956 35.052
33.372 30.132 27.177 24.958 21.306 18.851 18.073 14.821 14.805 14.559 11.196 8.173 6.045 3.854 0.000 3.902 7.062 9.882 13.100 15.268 18.306 21.724 24.132 27.759 30.612 31.996 28.752 28.615 32.386 32.323 29.363 31.419 34.601 33.088 31.668 35.200 36.682 34.047 31.337 29.704 29.364 29.770 27.548 30.235 30.928 27.290 27.049 30.419 29.425 26.164 28.400 30.994 28.603 26.640 23.391 20.955 21.742 18.254 19.174 22.581 21.244 18.949 21.909 24.371 22.254 21.972 25.661 26.786 25.066 27.032 30.167 30.197 29.834 32.756 34.938 34.453 35.672 38.722
34.489 31.214 28.431 26.430 22.900 20.917 20.076 16.610 17.198 17.423 13.875 11.442 8.767 5.590 3.902 0.000 3.853 6.301 9.316 11.830 14.814 18.326 20.863 24.374 27.389 28.807 25.700 25.776 29.590 29.629 26.920 29.118 32.266 30.976 29.824 33.351 34.917 32.556 30.073 28.652 28.100 28.741 26.456 28.832 29.274 25.544 25.156 28.283 27.096 23.695 25.784 28.217 25.644 23.550 20.482 18.407 19.751 16.401 16.790 20.438 19.711 17.339 19.918 22.790 21.168 20.614 24.100 25.727 24.257 25.827 29.014 29.534 29.149 31.742 34.144 34.028 35.053 37.967
33.106 29.759 27.271 25.386 22.107 20.603 19.592 16.028 17.277 18.043 14.492 12.944 9.957 6.687 7.062 3.853 0.000 3.844 6.421 8.236 11.477 14.787 17.469 21.010 23.876 25.521 22.534 22.366 26.203 26.526 23.849 25.858 29.129 28.127 26.907 30.312 32.124 29.997 27.514 26.478 26.108 27.198 25.220 27.533 27.495 23.681 23.628 26.508 24.879 21.613 23.947 25.989 23.115 21.349 18.226 16.649 18.146 14.731 14.348 17.993 17.611 14.839 16.962 20.099 18.670 17.647 21.004 22.958 21.473 22.672 25.960 26.758 26.216 28.585 31.178 31.240 32.054 34.910
34.182 31.027 28.531 27.093 23.875 22.836 22.244 18.882 20.555 21.084 17.384 15.998 13.424 9.814 9.882 6.301 3.844 0.000 3.861 6.294 8.668 12.342 14.706 18.157 21.294 22.603 19.573 19.900 23.708 23.781 21.373 23.760 26.788 25.751 24.977 28.463 30.076 28.108 26.009 24.925 24.117 25.166 22.994 24.927 24.855 21.065 20.685 23.380 21.810 18.379 20.453 22.523 19.695 17.690 14.728 13.303 15.288 12.253 11.633 15.449 15.666 13.321 15.184 18.508 17.758 16.969 19.960 22.224 21.346 22.382 25.416 26.660 26.466 28.501 31.035 31.563 32.452 34.997
36.242 33.028 30.846 29.428 26.460 25.628 24.739 21.284 23.029 24.022 20.470 19.257 16.325 13.022 13.100 9.316 6.421 3.861 0.000 3.813 6.198 9.688 12.585 15.698 18.950 20.583 17.995 18.414 22.205 22.697 20.724 23.008 26.034 25.505 24.952 28.219 30.077 28.561 26.686 26.062 25.252 26.670 24.673 26.237 25.738 21.991 21.624 23.813 21.869 18.503 20.361 21.929 18.754 16.778 14.313 13.887 16.479 13.916 12.292 15.997 17.027 14.578 15.521 19.195 18.976 17.627 20.175 22.958 22.167 22.551 25.652 27.336 26.885 28.499 31.322 32.093 32.594 35.045
34.216 31.006 29.155 27.876 25.249 24.859 23.900 20.605 22.801 24.097 20.723 20.188 17.315 14.259 15.268 11.830 8.236 6.294 3.813 0.000 3.829 6.657 9.804 13.098 15.970 17.965 15.486 15.339 19.154 20.039 17.989 19.891 23.109 22.902 22.127 25.196 27.350 26.051 24.106 23.936 23.483 25.374 23.864 25.470 24.454 20.723 20.934 22.857 20.410 17.438 19.723 20.752 17.283 16.039 13.451 13.633 15.943 13.401 10.950 14.271 15.518 12.695 12.929 16.728 16.660 14.792 17.082 20.114 19.289 19.261 22.402 24.292 23.686 25.066 28.019 28.914 29.228 31.604
35.112 32.144 30.372 29.535 27.060 27.099 26.499 23.447 25.942 27.032 23.593 23.210 20.621 17.356 18.306 14.814 11.477 8.668 6.198 3.829 0.000 3.830 6.389 9.621 12.802 14.446 11.981 12.377 16.114 16.826 15.194 17.418 20.327 20.228 19.964 22.987 24.971 23.974 22.507 22.454 21.654 23.633 22.159 23.295 22.029 18.459 18.532 19.998 17.414 14.521 16.581 17.285 13.715 12.563 10.339 11.355 14.036 12.282 9.226 12.188 14.289 12.087 11.568 15.388 16.192 14.565 16.151 19.465 19.342 19.046 21.761 24.116 23.881 24.813 27.633 29.022 29.390 31.363
35.428 32.533 31.165 30.495 28.412 28.821 28.120 25.237 27.946 29.310 26.078 26.077 23.467 20.445 21.724 18.326 14.787 12.342 9.688 6.657 3.830 0.000 3.826 6.598 9.396 11.652 9.845 9.772 13.347 14.744 13.556 15.282 18.193 18.765 18.562 21.147 23.450 22.988 21.733 22.311 21.770 24.210 23.235 24.129 22.291 18.976 19.474 20.330 17.258 14.997 17.078 16.918 13.102 12.836 11.209 13.188 15.639 14.371 10.762 12.765 15.333 13.180 11.522 15.207 16.507 14.391 15.183 18.843 18.891 17.862 20.411 23.178 22.770 23.150 26.123 27.801 27.819 29.556
35.054 32.466 31.167 30.966 29.063 29.897 29.609 27.046 30.043 31.137 27.894 28.122 25.871 22.724 24.132 20.863 17.469 14.706 12.585 9.804 6.389 3.826 0.000 3.830 6.651 8.165 6.023 6.446 9.944 11.024 10.187 12.231 14.777 15.379 15.648 18.170 20.238 20.035 19.256 19.953 19.179 21.725 20.974 21.486 19.327 16.303 16.929 17.281 14.000 12.201 14.255 13.575 9.731 10.249 9.009 11.713 13.906 13.466 9.671 10.659 13.823 12.445 10.086 13.355 15.460 13.800 13.789 17.472 18.272 17.166 19.096 22.182 22.282 22.296 24.943 27.064 27.289 28.578
37.828 35.378 34.295 34.254 32.538 33.526 33.219 30.703 33.718 34.902 31.697 31.929 29.612 26.472 27.759 24.374 21.010 18.157 15.698 13.098 9.621 6.598 3.830 0.000 3.849 5.406 5.170 6.356 8.689 10.205 10.732 12.457 14.316 15.616 16.502 18.444 20.459 20.938 20.746 21.814 20.920 23.551 22.997 22.963 20.509 17.985 18.490 18.058 14.718 13.516 14.865 13.309 9.643 10.661 10.758 14.117 16.389 16.608 12.909 13.253 16.744 15.812 13.057 15.839 18.404 16.757 16.044 19.759 20.879 19.309 20.827 24.233 24.340 23.793 26.401 28.852 28.821 29.742
37.345 35.062 34.367 34.539 33.224 34.562 34.261 32.007 35.202 36.519 33.531 34.133 31.916 28.982 30.612 27.389 23.876 21.294 18.950 15.970 12.802 9.396 6.651 3.849 0.000 3.859 5.538 5.164 6.109 8.769 9.906 10.548 12.171 14.310 15.135 16.359 18.674 19.741 19.767 21.465 20.988 23.987 24.033 23.932 21.007 18.889 19.964 19.104 15.494 15.202 16.715 14.483 11.194 13.232 13.425 16.793 18.469 18.833 15.111 14.651 18.010 17.154 13.824 15.998 18.778 16.932 15.428 19.091 20.399 18.283 19.364 23.012 23.072 21.959 24.501 27.217 26.937 27.500
38.057 36.055 35.214 35.730 34.373 35.871 35.956 33.853 37.149 38.123 35.022 35.582 33.626 30.488 31.996 28.807 25.521 22.603 20.583 17.965 14.446 11.652 8.165 5.406 3.859 0.000 3.845 5.464 5.075 6.257 8.552 9.917 10.456 12.322 14.064 15.297 16.916 18.165 18.859 20.320 19.331 22.096 22.128 21.500 18.513 16.867 17.707 16.270 12.820 13.048 14.051 11.299 8.529 11.166 12.094 15.694 17.178 18.317 14.930 13.839 17.460 17.442 14.179 15.815 19.093 17.975 16.187 19.542 21.481 19.728 20.252 23.926 24.574 23.419 25.487 28.471 28.577 28.795
35.427 33.380 32.253 32.756 31.192 32.612 32.874 30.792 34.099 34.849 31.674 32.203 30.426 27.214 28.752 25.700 22.534 19.573 17.995 15.486 11.981 9.845 6.023 5.170 5.538 3.845 0.000 3.852 5.578 5.450 6.188 8.726 9.981 10.755 12.211 14.328 15.802 16.265 16.566 17.529 16.365 19.017 18.791 18.494 15.722 13.590 14.465 13.607 10.027 9.733 11.399 9.356 6.000 8.647 8.700 12.095 13.447 14.479 11.129 10.051 13.729 13.812 10.775 12.610 15.850 15.065 13.706 17.014 18.973 17.778 18.512 21.953 22.833 22.213 24.201 26.978 27.482 27.982
32.756 30.653 29.850 30.322 29.071 30.691 30.799 28.888 32.318 33.301 30.379 31.292 29.533 26.634 28.615 25.776 22.366 19.900 18.414 15.339 12.377 9.772 6.446 6.356 5.164 5.464 3.852 0.000 3.849 5.621 5.087 6.139 8.555 9.948 10.318 12.174 14.456 14.977 14.736 16.332 16.028 19.188 19.525 19.793 16.753 14.522 16.235 15.735 11.917 11.983 14.397 12.534 9.398 12.075 11.227 14.033 14.804 15.149 11.621 10.339 13.437 12.878 9.285 10.965 13.987 12.592 10.802 14.304 16.044 14.384 15.168 18.733 19.349 18.549 20.719 23.475 23.778 24.324
33.974 32.193 31.679 32.488 31.558 33.483 33.734 32.066 35.600 36.552 33.747 34.829 33.194 30.344 32.386 29.590 26.203 23.708 22.205 19.154 16.114 13.347 9.944 8.689 6.109 5.075 5.578 3.849 0.000 3.858 5.491 5.194 6.081 8.661 9.741 10.506 12.664 14.131 14.696 16.801 16.562 19.824 20.657 20.456 17.029 15.595 17.486 16.212 12.454 13.565 15.517 12.865 10.522 13.860 13.754 16.732 17.167 18.071 14.828 12.859 15.876 15.869 12.173 12.882 16.219 15.105 12.523 15.581 17.796 15.822 15.765 19.525 20.383 18.936 20.725 23.896 24.106 24.047
33.827 32.290 31.483 32.578 31.495 33.483 34.142 32.600 36.173 36.726 33.799 34.792 33.453 30.419 32.323 29.629 26.526 23.781 22.697 20.039 16.826 14.744 11.024 10.205 8.769 6.257 5.450 5.621 3.858 0.000 3.854 5.483 4.911 6.109 8.439 9.792 10.838 12.050 13.244 14.771 13.853 16.814 17.572 16.973 13.509 12.465 14.236 12.590 8.946 10.696 12.457 9.676 8.108 11.858 11.963 14.782 14.818 16.409 13.679 11.098 14.211 15.110 11.779 11.915 15.634 15.444 12.962 15.541 18.309 17.049 16.620 20.150 21.646 20.512 21.789 25.015 25.773 25.582
30.323 28.676 27.742 28.785 27.651 29.652 30.383 28.943 32.560 33.033 30.176 31.320 30.147 27.236 29.363 26.920 23.849 21.373 20.724 17.989 15.194 13.556 10.187 10.732 9.906 8.552 6.188 5.087 5.491 3.854 0.000 3.869 5.499 5.219 6.056 8.646 10.108 10.211 10.447 11.802 11.263 14.506 15.322 15.515 12.180 10.417 12.802 12.150 8.362 9.624 12.434 10.694 8.742 12.048 10.914 13.023 12.537 13.570 10.908 8.084 10.795 11.512 8.131 8.084 11.781 11.723 9.397 11.979 14.720 13.859 13.659 16.993 18.596 17.957 19.262 22.227 23.270 23.433
29.098 27.553 27.136 28.283 27.636 29.931 30.519 29.328 33.045 33.765 31.215 32.726 31.559 28.964 31.419 29.118 25.858 23.760 23.008 19.891 17.418 15.282 12.231 12.457 10.548 9.917 8.726 6.139 5.194 5.483 3.869 0.000 3.869 5.476 4.860 6.054 8.749 9.640 9.688 12.208 12.760 16.381 17.888 18.306 14.761 13.411 16.236 15.508 11.856 13.443 16.229 14.233 12.385 15.767 14.646 16.671 15.990 16.611 13.914 11.192 13.201 13.397 9.746 9.101 12.386 11.743 8.507 10.914 13.623 12.005 11.252 14.888 16.327 15.060 16.332 19.558 20.312 20.161
31.156 29.998 29.633 31.125 30.587 33.041 33.879 32.832 36.577 37.109 34.535 36.014 34.985 32.276 34.601 32.266 29.129 26.788 26.034 23.109 20.327 18.193 14.777 14.316 12.171 10.456 9.981 8.555 6.081 4.911 5.499 3.869 0.000 3.851 5.476 5.219 6.672 8.795 10.345 12.827 12.907 16.275 18.065 17.778 13.987 13.619 16.300 14.740 11.416 13.921 16.072 13.513 12.588 16.349 15.949 18.153 17.303 18.665 16.306 13.163 15.301 16.267 12.868 11.701 15.226 15.197 11.887 13.622 16.760 15.323 13.880 17.358 19.201 17.604 18.270 21.782 22.661 21.925
29.543 28.542 27.820 29.515 28.797 31.268 32.480 31.578 35.327 35.479 32.850 34.294 33.591 30.816 33.088 30.976 28.127 25.751 25.505 22.902 20.228 18.765 15.379 15.616 14.310 12.322 10.755 9.948 8.661 6.109 5.219 5.476 3.851 0.000 3.842 5.466 5.254 5.997 7.924 9.613 9.188 12.450 14.338 14.110 10.315 10.172 13.130 11.795 8.801 11.655 14.029 12.074 11.733 15.305 14.535 16.117 14.628 16.274 14.563 10.975 12.691 14.391 11.559 9.697 13.331 14.235 11.300 12.425 15.943 15.407 13.883 16.899 19.302 18.334 18.605 21.905 23.393 22.822
26.000 24.917 24.388 26.070 25.590 28.224 29.379 28.690 32.503 32.757 30.373 32.132 31.534 29.061 31.668 29.824 26.907 24.977 24.952 22.127 19.964 18.562 15.648 16.502 15.135 14.064 12.211 10.318 9.741 8.439 6.056 4.860 5.476 3.842 0.000 3.839 5.400 4.954 5.047 7.735 8.803 12.542 14.776 15.503 11.984 11.213 14.683 14.252 11.246 13.422 16.439 15.026 14.082 17.352 15.819 16.938 15.165 15.970 14.273 10.850 11.699 12.788 9.947 7.464 10.634 11.362 8.100 8.795 12.357 11.857 10.111 13.057 15.531 14.719 14.947 18.137 19.751 19.362
26.852 26.071 26.061 27.937 27.913 30.780 31.861 31.375 35.223 35.633 33.461 35.414 34.799 32.478 35.200 33.351 30.312 28.463 28.219 25.196 22.987 21.147 18.170 18.444 16.359 15.297 14.328 12.174 10.506 9.792 8.646 6.054 5.219 5.466 3.839 0.000 3.863 5.767 6.833 10.253 11.729 15.301 17.947 18.359 14.695 14.587 17.986 17.041 14.147 16.722 19.392 17.458 16.719 20.270 19.149 20.571 18.904 19.803 17.984 14.622 15.514 16.435 13.440 11.052 13.851 14.176 10.513 10.842 14.222 13.065 10.539 13.551 15.938 14.281 14.079 17.677 19.001 17.911
27.840 27.455 27.217 29.433 29.333 32.267 33.733 33.393 37.235 37.286 35.047 36.915 36.564 34.112 36.682 34.917 32.124 30.076 30.077 27.350 24.971 23.450 20.238 20.459 18.674 16.916 15.802 14.456 12.664 10.838 10.108 8.749 6.672 5.254 5.400 3.863 0.000 3.838 6.940 9.472 10.286 13.362 16.303 16.235 12.593 13.448 16.746 15.431 13.211 16.355 18.630 16.764 16.887 20.441 19.587 20.777 18.725 20.212 18.949 15.249 15.993 17.734 15.195 12.397 15.324 16.485 13.159 12.951 16.651 16.166 13.499 15.983 18.856 17.492 16.730 20.220 21.971 20.666
25.137 24.749 24.165 26.463 26.201 29.122 30.841 30.636 34.450 34.234 32.019 33.915 33.835 31.447 34.047 32.556 29.997 28.108 28.561 26.051 23.974 22.988 20.035 20.938 19.741 18.165 16.265 14.977 14.131 12.050 10.211 9.640 8.795 5.997 4.954 5.767 3.838 0.000 3.858 5.688 6.891 10.076 13.237 13.812 10.497 11.099 14.708 14.169 12.270 15.067 17.736 16.643 16.746 19.904 18.474 18.988 16.434 17.701 16.989 13.259 13.231 15.249 13.344 10.011 12.574 14.436 11.620 10.752 14.581 14.952 12.469 14.400 17.641 17.047 16.161 19.237 21.503 20.651
21.817 21.149 20.534 22.700 22.469 25.428 27.084 26.974 30.806 30.657 28.589 30.676 30.663 28.510 31.337 30.073 27.514 26.009 26.686 24.106 22.507 21.733 19.256 20.746 19.767 18.859 16.566 14.736 14.696 13.244 10.447 9.688 10.345 7.924 5.047 6.833 6.940 3.858 0.000 3.865 6.838 10.325 13.279 14.846 11.966 11.489 15.306 15.665 13.529 15.528 18.753 18.146 17.597 20.423 18.337 18.451 15.807 16.242 15.574 12.196 11.398 12.811 11.202 7.530 9.321 11.234 8.671 7.091 10.892 11.719 9.401 10.966 14.296 14.264 13.514 16.223 18.698 18.358
21.677 21.082 19.826 22.072 21.419 24.207 26.254 26.182 29.908 29.315 27.116 29.021 29.321 27.064 29.704 28.652 26.478 24.925 26.062 23.936 22.454 22.311 19.953 21.814 21.465 20.320 17.529 16.332 16.801 14.771 11.802 12.208 12.827 9.613 7.735 10.253 9.472 5.688 3.865 0.000 3.842 6.852 9.844 11.902 9.706 9.218 12.953 13.935 12.549 14.243 17.426 17.551 17.383 19.721 17.406 16.809 13.639 14.207 14.429 11.101 9.515 11.746 11.206 7.447 8.790 11.793 10.342 8.592 12.074 13.857 12.182 13.093 16.502 17.180 16.423 18.618 21.427 21.419
24.990 24.323 22.687 24.755 23.636 26.064 28.164 27.769 31.375 30.599 28.058 29.523 29.752 27.129 29.364 28.100 26.108 24.117 25.252 23.483 21.654 21.770 19.179 20.920 20.988 19.331 16.365 16.028 16.562 13.853 11.263 12.760 12.907 9.188 8.803 11.729 10.286 6.891 6.838 3.842 0.000 3.805 6.533 8.136 5.942 5.760 9.371 10.322 9.537 11.344 14.186 14.621 15.002 17.115 15.074 14.356 11.033 12.479 13.080 9.573 8.507 11.691 11.389 8.275 10.329 13.470 12.348 11.525 14.907 16.597 15.345 16.629 19.832 20.469 20.015 22.303 24.966 24.995
26.186 25.766 23.759 25.939 24.599 26.849 29.294 29.013 32.438 31.234 28.664 29.915 30.480 27.817 29.770 28.741 27.198 25.166 26.670 25.374 23.633 24.210 21.725 23.551 23.987 22.096 19.017 19.188 19.824 16.814 14.506 16.381 16.275 12.450 12.542 15.301 13.362 10.076 10.325 6.852 3.805 0.000 3.841 5.703 5.377 6.205 8.708 10.098 10.721 12.231 14.470 15.584 16.599 18.165 16.245 14.887 11.230 13.049 14.596 11.515 10.064 13.658 14.162 11.408 12.900 16.380 15.790 14.763 17.875 19.967 18.820 19.708 22.998 23.908 23.262 25.310 28.197 28.263
28.254 27.515 25.110 26.898 25.043 26.809 29.196 28.578 31.794 30.442 27.589 28.385 28.897 25.998 27.548 26.456 25.220 22.994 24.673 23.864 22.159 23.235 20.974 22.997 24.033 22.128 18.791 19.525 20.657 17.572 15.322 17.888 18.065 14.338 14.776 17.947 16.303 13.237 13.279 9.844 6.533 3.841 0.000 3.838 5.568 5.268 6.224 8.710 10.075 10.553 12.470 14.450 15.528 16.314 14.319 12.362 8.657 10.807 13.022 10.602 9.252 13.040 14.170 12.292 13.641 17.065 17.126 16.642 19.375 21.582 21.043 22.023 25.018 26.189 25.959 27.845 30.620 31.028
31.634 31.006 28.754 30.607 28.812 30.583 32.878 32.116 35.335 34.069 31.102 31.716 32.029 28.931 30.235 28.832 27.533 24.927 26.237 25.470 23.295 24.129 21.486 22.963 23.932 21.500 18.494 19.793 20.456 16.973 15.515 18.306 17.778 14.110 15.503 18.359 16.235 13.812 14.846 11.902 8.136 5.703 3.838 0.000 3.850 5.540 5.168 6.215 8.739 9.894 10.743 12.493 14.447 15.336 14.228 12.878 9.764 12.848 14.602 11.995 11.788 15.616 16.135 14.463 16.509 19.643 19.234 19.124 22.154 23.934 23.183 24.574 27.596 28.355 28.120 30.358 32.984 33.098
30.788 30.095 28.226 30.118 28.607 30.637 32.690 31.889 35.317 34.423 31.504 32.372 32.399 29.325 30.928 29.274 27.495 24.855 25.738 24.454 22.029 22.291 19.327 20.509 21.007 18.513 15.722 16.753 17.029 13.509 12.180 14.761 13.987 10.315 11.984 14.695 12.593 10.497 11.966 9.706 5.942 5.377 5.568 3.850 0.000 3.837 5.472 5.093 6.210 8.565 10.000 10.660 12.383 14.168 13.181 12.727 9.857 12.880 13.660 10.382 10.817 14.476 14.124 12.215 14.888 17.691 16.662 16.780 20.097 21.410 20.422 22.197 25.186 25.548 25.368 27.906 30.323 30.233
29.569 28.431 26.405 27.899 26.115 27.893 29.708 28.638 32.022 31.275 28.222 28.981 28.810 25.672 27.290 25.544 23.681 21.065 21.991 20.723 18.459 18.976 16.303 17.985 18.889 16.867 13.590 14.522 15.595 12.465 10.417 13.411 13.619 10.172 11.213 14.587 13.448 11.099 11.489 9.218 5.760 6.205 5.268 5.540 3.837 0.000 3.822 5.453 5.140 6.038 8.665 9.919 10.562 11.975 10.175 9.392 6.349 9.149 9.860 6.706 7.241 10.875 10.789 9.461 12.042 14.705 14.213 14.773 17.721 19.120 18.755 20.583 23.237 23.905 24.200 26.514 28.788 29.146
32.760 31.537 29.250 30.545 28.427 29.830 31.623 30.296 33.453 32.558 29.284 29.570 29.329 25.951 27.049 25.156 23.628 20.685 21.624 20.934 18.532 19.474 16.929 18.490 19.964 17.707 14.465 16.235 17.486 14.236 12.802 16.236 16.300 13.130 14.683 17.986 16.746 14.708 15.306 12.953 9.371 8.708 6.224 5.168 5.472 3.822 0.000 3.854 5.539 5.050 6.273 8.738 10.033 10.393 9.123 7.940 5.490 9.185 10.398 8.311 9.321 12.786 13.126 12.631 15.001 17.499 17.404 18.272 20.969 22.376 22.317 24.182 26.678 27.430 27.904 30.160 32.366 32.837
34.918 33.849 31.857 33.327 31.459 33.075 34.785 33.462 36.730 36.016 32.767 33.132 32.718 29.305 30.419 28.283 26.508 23.380 23.813 22.857 19.998 20.330 17.281 18.058 19.104 16.270 13.607 15.735 16.212 12.590 12.150 15.508 14.740 11.795 14.252 17.041 15.431 14.169 15.665 13.935 10.322 10.098 8.710 6.215 5.093 5.453 3.854 0.000 3.851 5.479 5.254 6.321 8.806 10.005 10.027 10.227 8.707 12.423 12.746 10.211 12.028 15.329 14.784 14.142 17.129 19.325 18.523 19.589 22.636 23.542 23.106 25.352 27.905 28.143 28.535 31.171 33.205 33.298
33.477 32.182 30.451 31.764 30.040 31.742 33.142 31.706 35.093 34.750 31.540 32.092 31.384 28.030 29.425 27.096 24.879 21.810 21.869 20.410 17.414 17.258 14.000 14.718 15.494 12.820 10.027 11.917 12.454 8.946 8.362 11.856 11.416 8.801 11.246 14.147 13.211 12.270 13.529 12.549 9.537 10.721 10.075 8.739 6.210 5.140 5.539 3.851 0.000 3.838 5.487 5.091 6.200 8.519 8.191 9.351 8.257 11.426 10.670 7.752 10.352 13.144 11.835 11.456 14.831 16.502 15.401 16.932 19.939 20.417 20.107 22.680 24.978 25.009 25.692 28.431 30.187 30.330
33.927 32.288 30.271 31.177 29.066 30.343 31.563 29.801 32.990 32.655 29.251 29.451 28.567 25.056 26.164 23.695 21.613 18.379 18.503 17.438 14.521 14.997 12.201 13.516 15.202 13.048 9.733 11.983 13.565 10.696 9.624 13.443 13.921 11.655 13.422 16.722 16.355 15.067 15.528 14.243 11.344 12.231 10.553 9.894 8.565 6.038 5.050 5.479 3.838 0.000 3.869 5.540 5.283 5.940 4.721 5.600 5.455 8.631 7.904 6.165 9.118 11.534 10.857 11.541 14.436 15.904 15.635 17.521 19.985 20.657 21.040 23.494 25.451 25.884 26.966 29.386 31.059 31.658
37.590 36.044 33.960 34.901 32.703 33.862 35.111 33.252 36.312 35.888 32.382 32.291 31.358 27.710 28.400 25.784 23.947 20.453 20.361 19.723 16.581 17.078 14.255 14.865 16.715 14.051 11.399 14.397 15.517 12.457 12.434 16.229 16.072 14.029 16.439 19.392 18.630 17.736 18.753 17.426 14.186 14.470 12.470 10.743 10.000 8.665 6.273 5.254 5.487 3.869 0.000 3.850 5.561 5.148 6.281 7.480 8.170 11.619 11.200 9.999 12.823 15.268 14.643 15.364 18.293 19.740 19.374 21.288 23.832 24.390 24.672 27.223 29.211 29.481 30.523 33.075 34.700 35.151
38.282 36.800 35.071 36.127 34.230 35.650 36.754 34.935 38.159 38.009 34.597 34.745 33.634 30.061 30.994 28.217 25.989 22.523 21.929 20.752 17.285 16.918 13.575 13.309 14.483 11.299 9.356 12.534 12.865 9.676 10.694 14.233 13.513 12.074 15.026 17.458 16.764 16.643 18.146 17.551 14.621 15.584 14.450 12.493 10.660 9.919 8.738 6.321 5.091 5.540 3.850 0.000 3.849 5.727 7.794 10.220 10.906 14.087 12.815 11.038 14.319 16.523 14.999 15.570 18.969 20.026 18.981 21.123 23.885 23.894 23.889 26.803 28.730 28.500 29.556 32.417 33.791 33.939
37.055 35.254 33.610 34.345 32.411 33.690 34.453 32.420 35.615 35.772 32.354 32.507 31.093 27.560 28.603 25.644 23.115 19.695 18.754 17.283 13.715 13.102 9.731 9.643 11.194 8.529 6.000 9.398 10.522 8.108 8.742 12.385 12.588 11.733 14.082 16.719 16.887 16.746 17.597 17.383 15.002 16.599 15.528 14.447 12.383 10.562 10.033 8.806 6.200 5.283 5.561 3.849 0.000 3.877 5.412 8.781 10.229 12.593 10.426 9.200 12.936 14.344 12.489 13.829 17.127 17.570 16.719 19.364 21.735 21.474 21.942 24.991 26.502 26.322 27.808 30.535 31.634 32.072
38.710 36.726 34.771 35.230 32.934 33.804 34.495 32.201 35.132 35.182 31.584 31.295 29.777 26.078 26.640 23.550 21.349 17.690 16.778 16.039 12.563 12.836 10.249 10.661 13.232 11.166 8.647 12.075 13.860 11.858 12.048 15.767 16.349 15.305 17.352 20.270 20.441 19.904 20.423 19.721 17.115 18.165 16.314 15.336 14.168 11.975 10.393 10.005 8.519 5.940 5.148 5.727 3.877 0.000 3.841 7.037 9.657 11.864 10.119 10.176 13.673 14.897 13.846 15.739 18.546 19.027 18.896 21.571 23.575 23.617 24.525 27.360 28.718 28.910 30.570 33.032 34.166 34.921
35.365 33.266 31.201 31.542 29.164 29.973 30.684 28.428 31.384 31.384 27.811 27.637 26.227 22.579 23.391 20.482 18.226 14.728 14.313 13.451 10.339 11.209 9.009 10.758 13.425 12.094 8.700 11.227 13.754 11.963 10.914 14.646 15.949 14.535 15.819 19.149 19.587 18.474 18.337 17.406 15.074 16.245 14.319 14.228 13.181 10.175 9.123 10.027 8.191 4.721 6.281 7.794 5.412 3.841 0.000 3.827 6.629 8.195 6.310 6.931 10.242 11.224 10.636 12.786 15.197 15.766 16.134 18.700 20.442 20.833 22.005 24.564 25.883 26.461 28.154 30.335 31.616 32.645
33.851 31.775 29.366 29.671 27.037 27.652 28.626 26.463 29.297 28.918 25.294 24.987 23.929 20.248 20.955 18.407 16.649 13.303 13.887 13.633 11.355 13.188 11.713 14.117 16.793 15.694 12.095 14.033 16.732 14.782 13.023 16.671 18.153 16.117 16.938 20.571 20.777 18.988 18.451 16.809 14.356 14.887 12.362 12.878 12.727 9.392 7.940 10.227 9.351 5.600 7.480 10.220 8.781 7.037 3.827 0.000 3.856 5.219 5.187 6.573 8.629 9.958 10.709 12.592 14.297 15.483 16.522 18.550 20.100 21.178 22.448 24.503 25.991 27.075 28.572 30.424 32.044 33.281
31.036 29.246 26.774 27.454 24.967 25.919 27.338 25.627 28.649 27.952 24.511 24.605 24.083 20.624 21.742 19.751 18.146 15.288 16.479 15.943 14.036 15.639 13.906 16.389 18.469 17.178 13.447 14.804 17.167 14.818 12.537 15.990 17.303 14.628 15.165 18.904 18.725 16.434 15.807 13.639 11.033 11.230 8.657 9.764 9.857 6.349 5.490 8.707 8.257 5.455 8.170 10.906 10.229 9.657 6.629 3.856 0.000 3.845 5.564 5.247 6.034 8.611 9.846 10.618 12.202 14.246 15.180 16.503 18.376 19.934 20.777 22.500 24.435 25.667 26.711 28.524 30.525 31.614
29.069 26.940 24.354 24.621 21.920 22.590 23.798 21.918 24.879 24.284 20.798 20.905 20.302 16.894 18.254 16.401 14.731 12.253 13.916 13.401 12.282 14.371 13.466 16.608 18.833 18.317 14.479 15.149 18.071 16.409 13.570 16.611 18.665 16.274 15.970 19.803 20.212 17.701 16.242 14.207 12.479 13.049 10.807 12.848 12.880 9.149 9.185 12.423 11.426 8.631 11.619 14.087 12.593 11.864 8.195 5.219 3.845 0.000 3.863 5.514 4.944 6.041 8.430 9.885 10.391 12.123 13.947 15.291 16.426 18.237 19.659 21.062 22.618 24.279 25.594 26.982 28.910 30.426
29.719 27.397 25.221 25.348 22.902 23.700 24.425 22.305 25.405 25.387 21.943 22.191 21.017 17.622 19.174 16.790 14.348 11.633 12.292 10.950 9.226 10.762 9.671 12.909 15.111 14.930 11.129 11.621 14.828 13.679 10.908 13.914 16.306 14.563 14.273 17.984 18.949 16.989 15.574 14.429 13.080 14.596 13.022 14.602 13.660 9.860 10.398 12.746 10.670 7.904 11.200 12.815 10.426 10.119 6.310 5.187 5.564 3.863 0.000 3.854 5.479 5.184 5.983 8.605 9.813 10.465 11.933 14.148 15.240 16.296 17.953 19.905 21.091 22.366 24.090 25.713 27.215 28.711
28.548 26.606 24.663 25.344 23.311 24.685 25.751 24.091 27.457 27.328 24.114 24.793 23.950 20.758 22.581 20.438 17.993 15.449 15.997 14.271 12.188 12.765 10.659 13.253 14.651 13.839 10.051 10.339 12.859 11.098 8.084 11.192 13.163 10.975 10.850 14.622 15.249 13.259 12.196 11.101 9.573 11.515 10.602 11.995 10.382 6.706 8.311 10.211 7.752 6.165 9.999 11.038 9.200 10.176 6.931 6.573 5.247 5.514 3.854 0.000 3.867 5.522 4.993 6.108 8.514 9.876 10.252 12.154 14.137 15.133 16.010 18.155 19.882 20.797 22.090 24.097 25.810 26.853
25.384 23.505 21.297 22.082 19.973 21.439 22.868 21.552 24.962 24.497 21.435 22.389 22.051 19.122 21.244 19.711 17.611 15.666 17.027 15.518 14.289 15.333 13.823 16.744 18.010 17.460 13.729 13.437 15.876 14.211 10.795 13.201 15.301 12.691 11.699 15.514 15.993 13.231 11.398 9.515 8.507 10.064 9.252 11.788 10.817 7.241 9.321 12.028 10.352 9.118 12.823 14.319 12.936 13.673 10.242 8.629 6.034 4.944 5.479 3.867 0.000 3.841 5.541 5.336 6.204 8.741 9.909 10.726 12.462 14.391 15.244 16.624 18.603 20.106 21.061 22.637 24.769 26.004
24.595 22.224 20.139 20.351 18.150 19.366 20.261 18.615 22.056 22.038 18.973 20.026 19.297 16.500 18.949 17.339 14.839 13.321 14.578 12.695 12.087 13.180 12.445 15.812 17.154 17.442 13.812 12.878 15.869 15.110 11.512 13.397 16.267 14.391 12.788 16.435 17.734 15.249 12.811 11.746 11.691 13.658 13.040 15.616 14.476 10.875 12.786 15.329 13.144 11.534 15.268 16.523 14.344 14.897 11.224 9.958 8.611 6.041 5.184 5.522 3.841 0.000 3.841 5.521 4.992 6.105 8.432 9.871 10.521 12.301 14.050 15.382 16.650 18.428 19.953 21.180 22.964 24.666
25.610 23.328 21.796 22.187 20.477 22.020 22.643 21.014 24.570 24.961 22.050 23.240 22.184 19.446 21.909 19.918 16.962 15.184 15.521 12.929 11.568 11.522 10.086 13.057 13.824 14.179 10.775 9.285 12.173 11.779 8.131 9.746 12.868 11.559 9.947 13.440 15.195 13.344 11.202 11.206 11.389 14.162 14.170 16.135 14.124 10.789 13.126 14.784 11.835 10.857 14.643 14.999 12.489 13.846 10.636 10.709 9.846 8.430 5.983 4.993 5.541 3.841 0.000 3.856 5.453 5.208 5.961 8.572 9.825 10.473 12.010 14.201 15.373 16.423 18.174 19.939 21.360 22.748
23.290 21.462 20.059 21.083 19.777 21.880 23.010 21.994 25.713 25.792 23.168 24.749 24.218 21.718 24.371 22.790 20.099 18.508 19.195 16.728 15.388 15.207 13.355 15.839 15.998 15.815 12.610 10.965 12.882 11.915 8.084 9.101 11.701 9.697 7.464 11.052 12.397 10.011 7.530 7.447 8.275 11.408 12.292 14.463 12.215 9.461 12.631 14.142 11.456 11.541 15.364 15.570 13.829 15.739 12.786 12.592 10.618 9.885 8.605 6.108 5.336 5.521 3.856 0.000 3.838 5.551 4.964 6.078 8.563 9.775 10.164 12.107 14.149 15.130 16.119 18.087 20.020 20.996
20.328 18.212 16.581 17.374 15.956 18.063 19.252 18.432 22.192 22.201 19.776 21.661 21.395 19.272 22.254 21.168 18.670 17.758 18.976 16.660 16.192 16.507 15.460 18.404 18.778 19.093 15.850 13.987 16.219 15.634 11.781 12.386 15.226 13.331 10.634 13.851 15.324 12.574 9.321 8.790 10.329 12.900 13.641 16.509 14.888 12.042 15.001 17.129 14.831 14.436 18.293 18.969 17.127 18.546 15.197 14.297 12.202 10.391 9.813 8.514 6.204 4.992 5.453 3.838 0.000 3.843 5.489 5.257 6.315 8.809 9.874 10.710 12.539 14.446 15.441 16.630 18.803 20.319
21.262 18.715 17.555 17.769 16.522 18.408 18.833 17.638 21.400 22.074 19.725 21.642 20.814 18.844 21.972 20.614 17.647 16.969 17.627 14.792 14.565 14.391 13.800 16.757 16.932 17.975 15.065 12.592 15.105 15.444 11.723 11.743 15.197 14.235 11.362 14.176 16.485 14.436 11.234 11.793 13.470 16.380 17.065 19.643 17.691 14.705 17.499 19.325 16.502 15.904 19.740 20.026 17.570 19.027 15.766 15.483 14.246 12.123 10.465 9.876 8.741 6.105 5.208 5.551 3.843 0.000 3.842 5.481 4.981 6.268 8.612 9.985 10.698 12.484 14.373 15.479 16.961 18.841
21.978 19.871 19.236 19.982 19.281 21.577 22.113 21.180 24.980 25.697 23.482 25.471 24.642 22.621 25.661 24.100 21.004 19.960 20.175 17.082 16.151 15.183 13.789 16.044 15.428 16.187 13.706 10.802 12.523 12.962 9.397 8.507 11.887 11.300 8.100 10.513 13.159 11.620 8.671 10.342 12.348 15.790 17.126 19.234 16.662 14.213 17.404 18.523 15.401 15.635 19.374 18.981 16.719 18.896 16.134 16.522 15.180 13.947 11.933 10.252 9.909 8.432 5.961 4.964 5.489 3.842 0.000 3.857 5.394 5.057 6.070 8.654 9.889 10.568 12.250 14.220 15.599 16.801
18.523 16.761 16.229 17.518 17.237 20.019 21.037 20.763 24.632 25.010 23.153 25.523 25.249 23.550 26.786 25.727 22.958 22.224 22.958 20.114 19.465 18.843 17.472 19.759 19.091 19.542 17.014 14.304 15.581 15.541 11.979 10.914 13.622 12.425 8.795 10.842 12.951 10.752 7.091 8.592 11.525 14.763 16.642 19.124 16.780 14.773 18.272 19.589 16.932 17.521 21.288 21.123 19.364 21.571 18.700 18.550 16.503 15.291 14.148 12.154 10.726 9.871 8.572 6.078 5.257 5.481 3.857 0.000 3.836 5.398 4.870 6.041 8.499 9.761 10.354 12.057 14.269 15.322
17.067 14.667 14.266 14.897 14.686 17.328 17.896 17.625 21.478 22.197 20.610 23.213 22.852 21.585 25.066 24.257 21.473 21.346 22.167 19.289 19.342 18.891 18.272 20.879 20.399 21.481 18.973 16.044 17.796 18.309 14.720 13.623 16.760 15.943 12.357 14.222 16.651 14.581 10.892 12.074 14.907 17.875 19.375 22.154 20.097 17.721 20.969 22.636 19.939 19.985 23.832 23.885 21.735 23.575 20.442 20.100 18.376 16.426 15.240 14.137 12.462 10.521 9.825 8.563 6.315 4.981 5.394 3.836 0.000 3.857 5.519 5.340 6.299 8.788 10.133 10.732 12.673 14.640
19.635 17.281 17.465 17.912 17.959 20.442 20.495 19.939 23.698 24.893 23.304 25.778 24.953 23.626 27.032 25.827 22.672 22.382 22.551 19.261 19.046 17.862 17.166 19.309 18.283 19.728 17.778 14.384 15.822 17.049 13.859 12.005 15.323 15.407 11.857 13.065 16.166 14.952 11.719 13.857 16.597 19.967 21.582 23.934 21.410 19.120 22.376 23.542 20.417 20.657 24.390 23.894 21.474 23.617 20.833 21.178 19.934 18.237 16.296 15.133 14.391 12.301 10.473 9.775 8.809 6.268 5.057 5.398 3.857 0.000 3.847 5.614 5.190 6.282 8.774 10.047 10.947 12.784
18.966 17.306 17.832 19.033 19.529 22.460 22.981 22.864 26.674 27.568 26.094 28.691 28.170 26.784 30.167 29.014 25.960 25.416 25.652 22.402 21.761 20.411 19.096 20.827 19.364 20.252 18.512 15.168 15.765 16.620 13.659 11.252 13.880 13.883 10.111 10.539 13.499 12.469 9.401 12.182 15.345 18.820 21.043 23.183 20.422 18.755 22.317 23.106 20.107 21.040 24.672 23.889 21.942 24.525 22.005 22.448 20.777 19.659 17.953 16.010 15.244 14.050 12.010 10.164 9.874 8.612 6.070 4.870 5.519 3.847 0.000 3.856 5.471 5.180 6.192 8.601 10.115 10.860
15.183 13.591 14.453 15.862 16.875 20.097 20.814 21.281 25.038 25.772 24.746 27.685 27.577 26.624 30.197 29.534 26.758 26.660 27.336 24.292 24.116 23.178 22.182 24.233 23.012 23.926 21.953 18.733 19.525 20.150 16.993 14.888 17.358 16.899 13.057 13.551 15.983 14.400 10.966 13.093 16.629 19.708 22.023 24.574 22.197 20.583 24.182 25.352 22.680 23.494 27.223 26.803 24.991 27.360 24.564 24.503 22.500 21.062 19.905 18.155 16.624 15.382 14.201 12.107 10.710 9.985 8.654 6.041 5.340 5.614 3.856 0.000 3.848 5.485 5.144 6.042 8.693 9.921
16.267 14.088 15.323 15.913 17.043 19.927 19.935 20.215 23.828 25.106 24.286 27.270 26.832 26.175 29.834 29.149 26.216 26.466 26.885 23.686 23.881 22.770 22.282 24.340 23.072 24.574 22.833 19.349 20.383 21.646 18.596 16.327 19.201 19.302 15.531 15.938 18.856 17.641 14.296 16.502 19.832 22.998 25.018 27.596 25.186 23.237 26.678 27.905 24.978 25.451 29.211 28.730 26.502 28.718 25.883 25.991 24.435 22.618 21.091 19.882 18.603 16.650 15.373 14.149 12.539 10.698 9.889 8.499 6.299 5.190 5.471 3.848 0.000 3.838 5.631 5.237 6.419 8.917
19.051 17.327 18.817 19.646 20.851 23.753 23.711 23.834 27.433 28.826 27.879 30.733 30.078 29.202 32.756 31.742 28.585 28.501 28.499 25.066 24.813 23.150 22.296 23.793 21.959 23.419 22.213 18.549 18.936 20.512 17.957 15.060 17.604 18.334 14.719 14.281 17.492 17.047 14.264 17.180 20.469 23.908 26.189 28.355 25.548 23.905 27.430 28.143 25.009 25.884 29.481 28.500 26.322 28.910 26.461 27.075 25.667 24.279 22.366 20.797 20.106 18.428 16.423 15.130 14.446 12.484 10.568 9.761 8.788 6.282 5.180 5.485 3.838 0.000 3.872 5.505 5.324 6.590
